
root@orangepi5plus:/# ros2 run tf2_ros tf2_echo base_link head_camera_link
[INFO] [1757081987.344817422] [tf2_echo]: Waiting for transform base_link ->  head_camera_link: Invalid frame ID "base_link" passed to canTransform argument target_frame - frame does not exist
At time 1757081988.278756932
- Translation: [0.283, 0.036, 1.578]
- Rotation: in Quaternion [-0.575, 0.575, -0.411, 0.411]
- Rotation: in RPY (radian) [-1.901, 0.000, -1.571]
- Rotation: in RPY (degree) [-108.919, 0.000, -90.011]
- Matrix:
 -0.000 -0.324  0.946  0.283
 -1.000  0.000 -0.000  0.036
 -0.000 -0.946 -0.324  1.578
  0.000  0.000  0.000  1.000
At time 1757081989.283779700
- Translation: [0.283, 0.036, 1.578]
- Rotation: in Quaternion [-0.575, 0.575, -0.411, 0.411]
- Rotation: in RPY (radian) [-1.901, 0.000, -1.571]
- Rotation: in RPY (degree) [-108.919, 0.000, -90.011]
- Matrix:
 -0.000 -0.324  0.946  0.283
 -1.000  0.000 -0.000  0.036
 -0.000 -0.946 -0.324  1.578
  0.000  0.000  0.000  1.000
At time 1757081990.288777967
- Translation: [0.283, 0.036, 1.578]
- Rotation: in Quaternion [-0.575, 0.575, -0.411, 0.411]
- Rotation: in RPY (radian) [-1.901, 0.000, -1.571]
- Rotation: in RPY (degree) [-108.919, 0.000, -90.011]
- Matrix:
 -0.000 -0.324  0.946  0.283
 -1.000  0.000 -0.000  0.036
 -0.000 -0.946 -0.324  1.578
  0.000  0.000  0.000  1.000
^C[INFO] [1757081990.433158232] [rclcpp]: signal_handler(signum=2)
root@orangepi5plus:/# 

